0	1214	1245	1248	1323	1331	1390	1412	1427	1480	1497	1576	1627	1658	1696	1862	1889	1981	1991	1995	1996	2006	2039	2048	2088	2135	2150	2155	2162	2164	2198	2230	2234	2442	2627	2647	2688	2699	2711	2720	2721	2734	2804	2816	2870	2894	2946	2985
1
2	2868
3	1230	1429	2154	2279	3043
4	6	#	2030	2050
5
6	4	#
7
8	1678	2384	2597
9
10
11
12
13
14
15
16	17	19	#	2610
17	16	19	#
18
19	16	17	#
20	21	#
21	20	#
22	23	#
23	22	#
24	29	#
25
26
27
28
29	24	#
30	1645	2957
31	2327
32	1185	2023	2371	2737	2881	3030
33
34	1287	2737
35	1287	2365
36	2669
37
38
39
40
41	2669
42	43	#
43	42	#
44
45	1972	2288
46
47
48
49
50
51
52	53	#
53	52	#
54	56	57	55	#	1409	1713	2560	2917	3028
55	56	57	54	#
56	57	54	55	#
57	56	54	55	#
58
59
60
61
62
63
64	65	#
65	64	#
66	67	68	69	#	1168	1184	1217	1234	1237	1256	1262	1269	1273	1293	1297	1303	1312	1327	1383	1392	1395	1397	1429	1444	1491	1504	1518	1525	1558	1586	1596	1601	1611	1619	1657	1681	1685	1691	1695	1701	1720	1778	1796	1799	1824	1829	1831	1857	1868	1943	1972	1989	2036	2047	2049	2079	2095	2100	2107	2111	2120	2158	2175	2197	2204	2214	2220	2223	2241	2246	2257	2270	2272	2301	2302	2311	2345	2360	2361	2373	2406	2407	2419	2427	2434	2435	2439	2482	2495	2501	2508	2516	2529	2554	2559	2571	2589	2606	2637	2731	2745	2750	2773	2781	2803	2830	2843	2913	2919	2923	2926	2948	2963	2977	3020	3076
67	66	68	69	#
68	66	67	69	#
69	66	67	68	#
70
71	72	73	74	#
72	73	74	71	#
73	72	74	71	#	2843
74	72	73	71	#
75	76	#
76	75	#
77	348	#	1162	1169	1192	1287	1318	1353	1404	1428	1450	1522	1527	1555	1571	1637	1664	1685	1686	1696	1704	1747	1777	1795	1797	1848	1976	2002	2011	2033	2072	2132	2182	2236	2319	2352	2423	2552	2638	2644	2645	2670	2715	2725	2727	2821	2855	2879	2916	2957
78	1230	1477	1685	1692	1728	1854	1948	2686	2803	3072
79	1734	1744	1928	2098	2126	2369	2419	2640	2803	2949
80
81	3047
82
83	84	#	2403
84	83	#
85	86	87	#	1212	1643	2595	2654
86	85	87	#
87	85	86	#
88	89	90	#	1502	2493	2546	2613	2637	2703	2706
89	88	90	#
90	88	89	#
91	92	93	#
92	91	93	#
93	91	92	#
94
95	2694
96
97
98	1348
99
100
101
102
103
104
105
106
107
108
109
110	111	#
111	110	#
112
113	114	#
114	113	#
115
116	117	118	#	2127	2850	2982
117	116	118	#
118	116	117	#
119
120
121
122
123
124
125
126
127
128
129
130
131
132
133
134	135	#
135	134	#
136
137	138	#	2175	2866	3006
138	137	#
139	140	#
140	139	#
141	142	#
142	141	#
143
144	145	#	2027
145	144	#
146
147	148	#
148	147	#
149
150
151	152	#
152	151	#
153	154	#
154	153	#
155	156	#	1357	2828
156	155	#
157	158	#
158	157	#
159	160	#
160	159	#
161
162
163
164
165
166
167
168
169
170
171
172	173	#
173	172	#
174
175
176
177	178	#
178	177	#	1506
179
180	181	#
181	180	#
182
183	184	#
184	183	#
185
186	187	#
187	186	#
188	189	#
189	188	#
190	191	#
191	190	#
192
193	194	#
194	193	#
195	196	#
196	195	#
197
198
199
200
201
202
203	204	#
204	203	#
205	206	#	2077	2322
206	205	#
207	2077	2322
208
209	210	#
210	209	#
211	212	#
212	211	#
213
214	215	#	2430
215	214	#
216	217	#
217	216	#
218	219	#
219	218	#
220
221	222	#
222	221	#
223
224	225	#
225	224	#
226
227
228	229	#
229	228	#
230
231
232
233
234
235
236
237
238	240	239	#
239	240	238	#
240	238	239	#
241	242	#
242	241	#
243	244	#
244	243	#
245	246	#
246	245	#
247	248	#
248	247	#
249	250	#
250	249	#
251	252	#
252	251	#
253	254	#
254	253	#
255	256	#
256	255	#
257	258	#
258	257	#
259	260	#
260	259	#
261
262
263
264
265
266
267
268
269
270
271
272
273
274
275
276
277
278
279
280
281
282
283
284
285	1342
286
287
288
289
290	1868
291
292
293
294
295
296	2781
297
298
299
300
301
302
303
304
305
306
307
308
309
310	1823	2896
311	541	542	#
312	2904
313	314	#
314	313	#
315
316
317
318	2272
319
320
321
322
323
324	1724	2984
325
326
327	1282	1288	1488	1492	1611	1730	1855	1940	1967	2013	2176	2218	2785	2797	2852	2944	2968
328
329	330	#	2715
330	329	#
331
332
333
334
335
336
337
338
339	1192
340	2568
341	1172	1213	1245	1317	1390	1664	2029	2086	2644	2741	2879	2955
342	1172
343	1172
344	1213	1245	1390	1391	1794	1870	1899	1939	2032	2680	2938	3018
345
346	2870	2990
347
348	77	#
349
350
351
352
353	354	#
354	353	#
355	356	#
356	355	#
357	358	#
358	357	#
359	360	#
360	359	#
361	2725
362
363	1686	2011
364	1704	2011
365	2236
366
367
368	379	380	#
369	1527
370	1205	2024	2315
371	381	382	#
372
373
374
375
376
377
378
379	368	380	#
380	368	379	#
381	371	382	#
382	371	381	#
383	384	#
384	383	#
385
386
387
388
389
390
391
392
393
394
395
396
397
398
399
400
401
402
403
404
405	1549
406
407	1165	1243	1271	1549	1573
408
409
410	1659
411	415	#	1243	1392	1432	1782	2485	2516
412	2516	2814
413	2516
414
415	411	#
416
417
418
419
420
421	1494
422	1613	1981	2230	2447	2516	2807
423
424
425
426
427
428
429
430	1870
431
432	1172	1245	1390	1664	2137	2236	2467	2680
433
434	1245	1390	1749	1797	1809	2917
435
436	445	#
437
438
439	2383
440
441
442
443
444
445	436	#
446
447
448
449
450
451
452
453
454	1199	1458	1601	1634	1657	2034	2049	2441
455
456	1303	1515	1948	2093	2302	2429
457
458	1518	1695	1759	1779	1818	1910	1976	2129	2162	2437	2534	2715	2730	2782	2916
459	1168	1483	1571	1759	1943	1959	1970	1986	2008	2162	2529	2534	2542	2824	3076
460	527	#	2290	2806
461	1572	1734	1832	2855	2979
462	2025	2089	2932
463	1391	1832	2129	2575	3067
464
465	1910
466	2682
467	468	#
468	467	#
469	470	#
470	469	#
471	472	#
472	471	#
473
474	1779
475	2125
476	1779
477
478
479	480	#
480	479	#
481
482	483	485	#
483	482	485	#
484
485	482	483	#
486	487	#
487	486	#
488
489
490
491	2008
492
493
494	495	496	497	498	#	2162
495	494	496	497	498	#	1479
496	494	495	497	498	#
497	494	495	496	498	#
498	494	495	496	497	#	1629
499
500	1777	2552	2872
501
502
503	1801	2542
504
505
506	1976
507	1407
508	1168	1407
509	1407
510	1959	2542
511	512	#
512	511	#
513	514	#
514	513	#
515	516	#
516	515	#
517	1203	1943	1986	2162	2529	2635	2715	2824	2929	3076
518	1217	1483	2479	2824	3076
519	2616
520	2212	2616	2682
521	522	#	1450	1701	1829	1833	1874	1986	2036	2529
522	521	#
523
524
525	1168	1986	2036	2529
526
527	460	#
528
529
530	1734	2369	2460	2984	3019	3067
531	1720	2196	2460
532	1498	1724	1855	2113	2984
533	1310	1395	1611	1713	1734	1884	2095	2369	2373	2419	2501	2570	2740	2797	2973	2984
534	1855
535
536
537
538
539	1353	1727	2738
540	1868	2373	2554
541	542	311	#	1264	2206	2973
542	541	311	#
543
544	1806	2490
545
546
547
548
549	1557	1568
550	1878
551
552
553
554
555	556	#
556	555	#
557
558
559
560	561	562	563	#
561	560	562	563	#
562	560	561	563	#
563	560	561	562	#
564
565	566	#
566	565	#
567	568	#
568	567	#
569	570	#
570	569	#
571
572
573	1288	2218
574
575
576	1492
577
578
579	580	#
580	579	#
581
582	583	#
583	582	#
584
585
586
587
588
589	590	591	#
590	589	591	#
591	589	590	#
592	593	#
593	592	#
594	595	596	597	599	#	1940
595	594	596	597	599	#
596	594	595	597	599	#
597	594	595	596	599	#
598
599	594	595	596	597	#
600	601	602	#
601	600	602	#
602	600	601	#
603
604
605	608	606	607	#
606	608	605	607	#
607	608	605	606	#
608	605	606	607	#
609	610	#
610	609	#
611
612	1223
613
614	2589
615
616
617
618
619
620
621
622
623
624
625
626
627
628
629
630
631
632
633
634
635
636
637
638
639
640
641
642
643
644
645
646
647
648
649
650
651
652
653
654
655
656
657
658
659
660
661
662
663	1318
664
665
666
667
668
669	2986
670
671	2745
672
673	674	#
674	673	#
675
676
677
678	679	#
679	678	#
680	681	682	#
681	680	682	#
682	680	681	#
683
684
685
686
687
688	689	#
689	688	#
690
691
692
693
694
695
696
697
698
699
700
701
702
703
704
705
706
707
708
709
710
711
712	713	714	715	716	#
713	712	714	715	716	#
714	712	713	715	716	#
715	712	713	714	716	#
716	712	713	714	715	#
717
718
719
720
721
722	723	724	#
723	722	724	#
724	722	723	#
725
726
727
728
729
730
731	732	#	1177	1207	1411	1471	1544	1918	2054	2285	2292	2502	2694	2725	2777	2819	2857	3025	3077
732	731	#
733
734	1255	1478	1724	1729	2797	3019
735
736	1238	2899
737	738	#	1177	1544	2285	2292	2502	2725	2777	2819	3077
738	737	#
739	740	#
740	739	#
741	742	743	#
742	741	743	#
743	741	742	#
744
745
746
747
748
749	1177
750
751
752
753
754
755
756
757
758	759	#
759	758	#
760
761	762	#
762	761	#
763
764
765
766	767	#
767	766	#
768
769
770
771
772
773
774
775
776
777
778
779
780
781
782
783
784
785
786
787
788
789
790	791	#
791	790	#
792
793
794	795	#
795	794	#
796	797	798	#
797	796	798	#
798	796	797	#
799
800
801
802
803
804
805
806
807
808
809
810
811
812
813
814
815
816
817
818
819
820
821
822
823
824
825
826
827
828
829
830
831
832
833
834
835
836
837
838
839
840
841
842
843
844
845
846
847	848	#
848	847	#
849
850
851
852
853
854
855
856
857
858
859
860	861	#	1158	1447	1450	1512	1562	1615	1826	1959	1970	2028	2162	2193	2212	2471	2542	2599	2616	2682	2855	2874	3076
861	860	#
862
863
864
865
866
867
868
869
870
871
872	873	874	#	1615	1826
873	872	874	#
874	872	873	#
875
876
877
878
879
880
881
882
883
884
885
886
887	1563
888	889	890	#	1563
889	888	890	#
890	888	889	#
891
892	893	#
893	892	#
894
895
896	897	#	1563	1794	2032	2930
897	896	#
898
899
900
901
902
903
904
905
906
907
908	2600
909	910	#
910	909	#
911
912
913
914	915	#
915	914	#
916
917
918
919
920
921
922
923
924
925
926
927
928
929
930	2814
931
932
933
934
935
936	937	#
937	936	#
938	939	#
939	938	#
940	941	#
941	940	#
942
943	944	945	#
944	945	943	#
945	944	943	#
946	947	#
947	946	#
948	949	#
949	948	#
950	951	#
951	950	#
952	953	#
953	952	#
954	955	#
955	954	#
956
957
958
959	960	#
960	959	#
961	962	#
962	961	#
963
964	965	#
965	964	#
966	967	#
967	966	#
968	1790
969	1790
970	2130
971
972	973	#
973	972	#
974	976	975	#
975	976	974	#
976	974	975	#
977	978	#
978	977	#
979	980	#
980	979	#
981	982	#
982	981	#
983	984	#
984	983	#
985	986	987	#
986	985	987	#
987	985	986	#
988	989	#
989	988	#
990
991	992	#
992	991	#
993
994
995	996	#
996	995	#
997
998
999
1000	1001	#
1001	1000	#
1002	1003	1004	#
1003	1002	1004	#	1790
1004	1002	1003	#
1005
1006	1007	#
1007	1006	#
1008	1009	#
1009	1008	#
1010	1011	#
1011	1010	#
1012	1013	#
1013	1012	#
1014
1015
1016
1017	1018	#
1018	1017	#
1019
1020
1021
1022
1023
1024
1025
1026
1027
1028
1029
1030	1031	#
1031	1030	#
1032
1033
1034	1035	#
1035	1034	#
1036
1037
1038	1039	#	1248	2870	2990
1039	1038	#
1040	1041	1042	#
1041	1040	1042	#
1042	1040	1041	#
1043
1044
1045
1046	1047	#
1047	1046	#
1048
1049	1050	#
1050	1049	#
1051
1052	1053	#
1053	1052	#
1054	1679	3052
1055
1056	1562	3052
1057
1058
1059
1060
1061
1062
1063
1064
1065
1066
1067
1068
1069
1070
1071
1072
1073
1074
1075
1076
1077
1078	1079	#	1719	1826	2377
1079	1078	#
1080
1081
1082
1083
1084
1085	1088	1086	1087	#	1449	1839	2034	2134	2258	2375	2520
1086	1088	1085	1087	#
1087	1088	1085	1086	#
1088	1085	1086	1087	#
1089	1090	1091	#
1090	1089	1091	#
1091	1089	1090	#
1092	1093	#
1093	1092	#
1094	1095	#
1095	1094	#
1096
1097
1098
1099
1100
1101	1102	#
1102	1101	#
1103
1104
1105
1106	1107	1108	1109	#
1107	1106	1108	1109	#
1108	1106	1107	1109	#
1109	1106	1107	1108	#
1110	1111	#
1111	1110	#
1112
1113
1114
1115
1116	1117	#
1117	1116	#
1118
1119
1120
1121
1122
1123
1124
1125
1126
1127
1128
1129
1130
1131
1132	1133	#
1133	1132	#
1134
1135
1136
1137
1138
1139	1140	1141	#
1140	1139	1141	#
1141	1139	1140	#
1142
1143
1144
1145
1146
1147
1148
1149
1150
1151
1152
1153
1154
1155
1156
1157
1159
1160
1161
1163
1164
1166
1167
1170
1171
1173
1174
1175
1176
1178
1179
1180
1181
1182
1183
1186
1187
1188
1189
1190
1191
1193
1194
1195
1196
1197
1198
1200
1201
1202
1204
1206
1208
1209
1210
1211
1215
1216
1218
1219
1220
1221
1222
1224
1225
1226
1227
1228
1229
1231
1232
1233
1235
1236
1239
1240
1241
1242
1244
1246
1247
1249
1250
1251
1252
1253
1254
1257
1258
1259
1260
1261
1263
1265
1266
1267
1268
1270
1272
1274
1275
1276
1277
1278
1279
1280
1281
1283
1284
1285
1286
1289
1290
1291
1292
1294
1295
1296
1298
1299
1300
1301
1302
1304
1305
1306
1307
1308
1309
1311
1313
1314
1315
1316
1319
1320
1321
1322
1324
1325
1326
1328
1329
1330
1332
1333
1334
1335
1336
1337
1338
1339
1340
1341
1343
1344
1345
1346
1347
1349
1350
1351
1352
1354
1355
1356
1358
1359
1360
1361
1362
1363
1364
1365
1366
1367
1368
1369
1370
1371
1372
1373
1374
1375
1376
1377
1378
1379
1380
1381
1382
1384
1385
1386
1387
1388
1389
1393
1394
1396
1398
1399
1400
1401
1402
1403
1405
1406
1408
1410
1413
1414
1415
1416
1417
1418
1419
1420
1421
1422
1423
1424
1425
1426
1430
1431
1433
1434
1435
1436
1437
1438
1439
1440
1441
1442
1443
1445
1446
1448
1451
1452
1453
1454
1455
1456
1457
1459
1460
1461
1462
1463
1464
1465
1466
1467
1468
1469
1470
1472
1473
1474
1475
1476
1481
1482
1484
1485
1486
1487
1489
1490
1493
1495
1496
1499
1500
1501
1503
1505
1507
1508
1509
1510
1511
1513
1514
1516
1517
1519
1520
1521
1523
1524
1526
1528
1529
1530
1531
1532
1533
1534
1535
1536
1537
1538
1539
1540
1541
1542
1543
1545
1546
1547
1548
1550
1551
1552
1553
1554
1556
1559
1560
1561
1564
1565
1566
1567
1569
1570
1574
1575
1577
1578
1579
1580
1581
1582
1583
1584
1585
1587
1588
1589
1590
1591
1592
1593
1594
1595
1597
1598
1599
1600
1602
1603
1604
1605
1606
1607
1608
1609
1610
1612
1614
1616
1617
1618
1620
1621
1622
1623
1624
1625
1626
1628
1630
1631
1632
1633
1635
1636
1638
1639
1640
1641
1642
1644
1646
1647
1648
1649
1650
1651
1652
1653
1654
1655
1656
1660
1661
1662
1663
1665
1666
1667
1668
1669
1670
1671
1672
1673
1674
1675
1676
1677
1680
1682
1683
1684
1687
1688
1689
1690
1693
1694
1697
1698
1699
1700
1702
1703
1705
1706
1707
1708
1709
1710
1711
1712
1714
1715
1716
1717
1718
1721
1722
1723
1725
1726
1731
1732
1733
1735
1736
1737
1738
1739
1740
1741
1742
1743
1745
1746
1748
1750
1751
1752
1753
1754
1755
1756
1757
1758
1760
1761
1762
1763
1764
1765
1766
1767
1768
1769
1770
1771
1772
1773
1774
1775
1776
1780
1781
1783
1784
1785
1786
1787
1788
1789
1791
1792
1793
1798
1800
1802
1803
1804
1805
1807
1808
1810
1811
1812
1813
1814
1815
1816
1817
1819
1820
1821
1822
1825
1827
1828
1830
1834
1835
1836
1837
1838
1840
1841
1842
1843
1844
1845
1846
1847
1849
1850
1851
1852
1853
1856
1858
1859
1860
1861
1863
1864
1865
1866
1867
1869
1871
1872
1873
1875
1876
1877
1879
1880
1881
1882
1883
1885
1886
1887
1888
1890
1891
1892
1893
1894
1895
1896
1897
1898
1900
1901
1902
1903
1904
1905
1906
1907
1908
1909
1911
1912
1913
1914
1915
1916
1917
1919
1920
1921
1922
1923
1924
1925
1926
1927
1929
1930
1931
1932
1933
1934
1935
1936
1937
1938
1941
1942
1944
1945
1946
1947
1949
1950
1951
1952
1953
1954
1955
1956
1957
1958
1960
1961
1962
1963
1964
1965
1966
1968
1969
1971
1973
1974
1975
1977
1978
1979
1980
1982
1983
1984
1985
1987
1988
1990
1992
1993
1994
1997
1998
1999
2000
2001
2003
2004
2005
2007
2009
2010
2012
2014
2015
2016
2017
2018
2019
2020
2021
2022
2026
2031
2035
2037
2038
2040
2041
2042
2043
2044
2045
2046
2051
2052
2053
2055
2056
2057
2058
2059
2060
2061
2062
2063
2064
2065
2066
2067
2068
2069
2070
2071
2073
2074
2075
2076
2078
2080
2081
2082
2083
2084
2085
2087
2090
2091
2092
2094
2096
2097
2099
2101
2102
2103
2104
2105
2106
2108
2109
2110
2112
2114
2115
2116
2117
2118
2119
2121
2122
2123
2124
2128
2131
2133
2136
2138
2139
2140
2141
2142
2143
2144
2145
2146
2147
2148
2149
2151
2152
2153
2156
2157
2159
2160
2161
2163
2165
2166
2167
2168
2169
2170
2171
2172
2173
2174
2177
2178
2179
2180
2181
2183
2184
2185
2186
2187
2188
2189
2190
2191
2192
2194
2195
2199
2200
2201
2202
2203
2205
2207
2208
2209
2210
2211
2213
2215
2216
2217
2219
2221
2222
2224
2225
2226
2227
2228
2229
2231
2232
2233
2235
2237
2238
2239
2240
2242
2243
2244
2245
2247
2248
2249
2250
2251
2252
2253
2254
2255
2256
2259
2260
2261
2262
2263
2264
2265
2266
2267
2268
2269
2271
2273
2274
2275
2276
2277
2278
2280
2281
2282
2283
2284
2286
2287
2289
2291
2293
2294
2295
2296
2297
2298
2299
2300
2303
2304
2305
2306
2307
2308
2309
2310
2312
2313
2314
2316
2317
2318
2320
2321
2323
2324
2325
2326
2328
2329
2330
2331
2332
2333
2334
2335
2336
2337
2338
2339
2340
2341
2342
2343
2344
2346
2347
2348
2349
2350
2351
2353
2354
2355
2356
2357
2358
2359
2362
2363
2364
2366
2367
2368
2370
2372
2374
2376
2378
2379
2380
2381
2382
2385
2386
2387
2388
2389
2390
2391
2392
2393
2394
2395
2396
2397
2398
2399
2400
2401
2402
2404
2405
2408
2409
2410
2411
2412
2413
2414
2415
2416
2417
2418
2420
2421
2422
2424
2425
2426
2428
2431
2432
2433
2436
2438
2440
2443
2444
2445
2446
2448
2449
2450
2451
2452
2453
2454
2455
2456
2457
2458
2459
2461
2462
2463
2464
2465
2466
2468
2469
2470
2472
2473
2474
2475
2476
2477
2478
2480
2481
2483
2484
2486
2487
2488
2489
2491
2492
2494
2496
2497
2498
2499
2500
2503
2504
2505
2506
2507
2509
2510
2511
2512
2513
2514
2515
2517
2518
2519
2521
2522
2523
2524
2525
2526
2527
2528
2530
2531
2532
2533
2535
2536
2537
2538
2539
2540
2541
2543
2544
2545
2547
2548
2549
2550
2551
2553
2555
2556
2557
2558
2561
2562
2563
2564
2565
2566
2567
2569
2572
2573
2574
2576
2577
2578
2579
2580
2581
2582
2583
2584
2585
2586
2587
2588
2590
2591
2592
2593
2594
2596
2598
2601
2602
2603
2604
2605
2607
2608
2609
2611
2612
2614
2615
2617
2618
2619
2620
2621
2622
2623
2624
2625
2626
2628
2629
2630
2631
2632
2633
2634
2636
2639
2641
2642
2643
2646
2648
2649
2650
2651
2652
2653
2655
2656
2657
2658
2659
2660
2661
2662
2663
2664
2665
2666
2667
2668
2671
2672
2673
2674
2675
2676
2677
2678
2679
2681
2683
2684
2685
2687
2689
2690
2691
2692
2693
2695
2696
2697
2698
2700
2701
2702
2704
2705
2707
2708
2709
2710
2712
2713
2714
2716
2717
2718
2719
2722
2723
2724
2726
2728
2729
2732
2733
2735
2736
2739
2742
2743
2744
2746
2747
2748
2749
2751
2752
2753
2754
2755
2756
2757
2758
2759
2760
2761
2762
2763
2764
2765
2766
2767
2768
2769
2770
2771
2772
2774
2775
2776
2778
2779
2780
2783
2784
2786
2787
2788
2789
2790
2791
2792
2793
2794
2795
2796
2798
2799
2800
2801
2802
2805
2808
2809
2810
2811
2812
2813
2815
2817
2818
2820
2822
2823
2825
2826
2827
2829
2831
2832
2833
2834
2835
2836
2837
2838
2839
2840
2841
2842
2844
2845
2846
2847
2848
2849
2851
2853
2854
2856
2858
2859
2860
2861
2862
2863
2864
2865
2867
2869
2871
2873
2875
2876
2877
2878
2880
2882
2883
2884
2885
2886
2887
2888
2889
2890
2891
2892
2893
2895
2897
2898
2900
2901
2902
2903
2905
2906
2907
2908
2909
2910
2911
2912
2914
2915
2918
2920
2921
2922
2924
2925
2927
2928
2931
2933
2934
2935
2936
2937
2939
2940
2941
2942
2943
2945
2947
2950
2951
2952
2953
2954
2956
2958
2959
2960
2961
2962
2964
2965
2966
2967
2969
2970
2971
2972
2974
2975
2976
2978
2980
2981
2983
2987
2988
2989
2991
2992
2993
2994
2995
2996
2997
2998
2999
3000
3001
3002
3003
3004
3005
3007
3008
3009
3010
3011
3012
3013
3014
3015
3016
3017
3021
3022
3023
3024
3026
3027
3029
3031
3032
3033
3034
3035
3036
3037
3038
3039
3040
3041
3042
3044
3045
3046
3048
3049
3050
3051
3053
3054
3055
3056
3057
3058
3059
3060
3061
3062
3063
3064
3065
3066
3068
3069
3070
3071
3073
3074
3075
3078
3079
3080
3081
3082
